intrinsic:
5763.73025319443 0.0 579.4165635520262 
0.0 5859.006186363381 303.5525379535026 
0.0 0.0 1.0 
distortion:
-15.763301170635692 574.3655414011564 0.06333050675040174 -0.10947061023747034 7167.275378697614 
