intrinsic:
945.7169479259621 0.0 647.8682127866083 
0.0 945.3827786860692 330.7468991269646 
0.0 0.0 1.0 
distortion:
-0.35809326077223635 0.16135434424898856 0.0008693776963097715 0.0012609080940147017 -0.13180072504209067 
