intrinsic:
975.4173743676165 0.0 665.9455550336734 
0.0 976.0009033946469 327.5819584038326 
0.0 0.0 1.0 
distortion:
-0.40174650897117087 0.6809107164411764 0.00169396736690527 -0.002533015265934381 -2.888515259408658 
