intrinsic:
1129.1808598294922 0.0 627.2338150968508 
0.0 1129.2046988351226 313.2053284366105 
0.0 0.0 1.0 
distortion:
-0.542851316800805 0.393733148824837 0.003531438883764231 0.006449079813473565 -0.24019703849434693 
