intrinsic:
989.192793904289 0.0 614.1597630761897 
0.0 998.4253048626294 354.98485257431537 
0.0 0.0 1.0 
distortion:
-0.43131431386452707 0.6217620751547905 -0.0032132339152033122 0.014571353677111227 -1.222934163650061 
