intrinsic:
923.8811573729841 0.0 625.1849148058883 
0.0 918.3950060015162 361.9379299582083 
0.0 0.0 1.0 
distortion:
-0.3840405779082372 0.21139962389764322 -0.002684029916757629 0.009749957180644801 -0.10033348906987725 
