intrinsic:
960.8839374720262 0.0 636.6976845932695 
0.0 962.3993037843571 352.8639315814822 
0.0 0.0 1.0 
distortion:
-0.32740921021917946 -0.5593168876462519 -0.0018150289488184448 0.00204936134101873 3.5565955119873873 
