intrinsic:
1070.2191442787723 0.0 686.8245221696005 
0.0 1071.8323406935851 312.29377254741814 
0.0 0.0 1.0 
distortion:
-0.4474783477811952 0.10034637327063219 0.005476087359983874 -0.011729454318943759 0.06191781229203327 
