intrinsic:
866.6590036792038 0.0 644.4607421606189 
0.0 865.8296089066826 334.13758786610265 
0.0 0.0 1.0 
distortion:
-0.31109294955365885 0.09719755368382489 -0.000249036476698961 0.0038997799681711365 0.009888939234203442 
