intrinsic:
964.7362921974137 0.0 655.4169523877559 
0.0 965.5678834300511 344.41711114833737 
0.0 0.0 1.0 
distortion:
-0.38268010507053285 0.17698063924174592 -0.003003055806501808 0.002772944898367479 -0.05782801760554523 
