intrinsic:
943.6369808079637 0.0 656.8961033626089 
0.0 935.8620446439297 346.2879841990804 
0.0 0.0 1.0 
distortion:
-0.3046832299344683 0.0004300331606449801 -0.0011032712453250227 0.013525828120427543 0.5939930973775397 
