intrinsic:
899.5190127973347 0.0 641.7204202922546 
0.0 898.9703815984857 328.74198325468956 
0.0 0.0 1.0 
distortion:
-0.32492891340465296 0.06966743401059378 0.0009564905229247438 0.0026692191247817275 0.03669746317639342 
