intrinsic:
839.4707267256537 0.0 673.3841098772574 
0.0 840.4001580563526 286.4517807552748 
0.0 0.0 1.0 
distortion:
-0.31754740372183954 0.160022684271164 0.006227063204765779 -0.003999003268905832 -0.14619916016098192 
