intrinsic:
964.0933534853972 0.0 655.8007842282327 
0.0 964.9494089513923 344.22070754955286 
0.0 0.0 1.0 
distortion:
-0.38199894863377126 0.17555827580793967 -0.0030146046604316566 0.0027108554615992942 -0.056333164383858395 
