intrinsic:
1478.7809990830876 0.0 640.0961963667307 
0.0 1445.2815309511086 356.4050155840899 
0.0 0.0 1.0 
distortion:
-0.9624906966936726 5.067216364365734 0.0047936041408800254 0.04546463552842466 -21.260557555265564 
