intrinsic:
972.1424726179088 0.0 722.8177899811603 
0.0 945.3484658234539 370.40478990680765 
0.0 0.0 1.0 
distortion:
-0.3655875119894537 -0.24492593640688293 -0.0081892603157719 -0.02961854472238656 1.2194253881694994 
