intrinsic:
890.2443572593912 0.0 706.5627931920723 
0.0 883.9730140686268 344.57821287570596 
0.0 0.0 1.0 
distortion:
-0.26017205371628155 -0.5687333337155349 -0.0013098419197005644 -0.016734530573752307 1.7933503161639717 
