intrinsic:
887.9367774908083 0.0 670.5038204206058 
0.0 886.0175196081067 335.9374740784646 
0.0 0.0 1.0 
distortion:
-0.3329171295035226 0.3286993423059949 0.0010235091261726434 -0.004553092142536797 -0.8067923349745834 
