intrinsic:
1668.5520478975939 0.0 1158.8075433148779 
0.0 1656.9927931524214 645.7919186776084 
0.0 0.0 1.0 
distortion:
-0.40712991745652427 0.19327281771045676 -0.011355914318490564 -0.010893056162352368 -0.0875712962297189 
