intrinsic:
2570.456876689482 0.0 888.211202410061 
0.0 2465.6086744689164 583.5631129678931 
0.0 0.0 1.0 
distortion:
-1.2258829517206928 3.9328064525869397 -0.11307596129260102 0.02741258065509891 -19.15732154415472 
